[2021-12-29 10:19:53 星期三]
无文件路径!，请先选择路径进行保存！

[2021-12-29 10:19:57 星期三]
文件路径设置成功!

[2021-12-29 10:20:07 星期三]
关闭应用程序！

[2021-12-29 10:35:19 星期三]
无文件路径!，请先选择路径进行保存！

[2021-12-29 10:35:26 星期三]
文件路径设置成功!

[2021-12-29 10:35:29 星期三]
关闭应用程序！

[2021-12-29 10:39:59 星期三]
关闭应用程序！

[2021-12-29 10:40:02 星期三]
文件路径设置成功!

[2021-12-29 10:41:46 星期三]
关闭应用程序！

[2021-12-29 10:41:49 星期三]
文件路径设置成功!

[2021-12-29 10:42:54 星期三]
关闭应用程序！

[2021-12-29 10:42:57 星期三]
文件路径设置成功!

[2021-12-29 10:44:24 星期三]
关闭应用程序！

[2021-12-29 10:44:27 星期三]
文件路径设置成功!

[2021-12-29 10:46:57 星期三]
成功打开串口! 串口号：COM2

[2021-12-29 10:47:03 星期三]
收到来自串口：COM2的报文：
01 01 00 00 00 08 3d cc 

[2021-12-29 10:47:03 星期三]
请求报文解析成功！
已向主机发送响应报文：01 01 01 08 50 4e 

[2021-12-29 10:47:09 星期三]
收到来自串口：COM2的报文：
01 01 00 00 00 08 3d cc 

[2021-12-29 10:47:09 星期三]
请求报文解析成功！
已向主机发送响应报文：01 01 01 08 50 4e 

[2021-12-29 10:47:12 星期三]
收到来自串口：COM2的报文：
01 03 00 00 00 08 44 0c 

[2021-12-29 10:47:12 星期三]
请求报文解析成功！
已向主机发送响应报文：01 03 10 00 01 00 02 00 03 00 04 00 05 00 00 00 00 00 00 4a 9f 

[2021-12-29 10:47:38 星期三]
收到来自串口：COM2的报文：
01 0f 00 00 00 03 01 07 ce 95 

[2021-12-29 10:47:39 星期三]
请求报文解析成功！
已向主机发送响应报文：01 0f 00 00 00 03 15 ca 

[2021-12-29 10:47:56 星期三]
收到来自串口：COM2的报文：
01 10 00 00 00 03 06 00 0b 00 16 00 21 62 9d 

[2021-12-29 10:47:56 星期三]
请求报文解析成功！
已向主机发送响应报文：01 10 00 00 00 03 80 08 

[2021-12-29 10:48:06 星期三]
收到来自串口：COM2的报文：
01 01 00 00 07 d0 3f a6 01 01 00 00 07 d0 3f a6 01 01 00 00 07 d0 3f a6 
该报文CRC校验出错！

[2021-12-29 10:48:07 星期三]
收到来自串口：COM2的报文：
01 01 00 00 07 d0 3f a6 01 01 00 00 07 d0 3f a6 01 01 00 00 07 d0 3f a6 
该报文CRC校验出错！

[2021-12-29 10:48:16 星期三]
收到来自串口：COM2的报文：
01 01 00 00 07 d0 3f a6 

[2021-12-29 10:48:16 星期三]
请求报文解析成功！
已向主机发送响应报文：01 01 fa 0f 00 00 01 00 02 00 03 00 00 00 00 00 00 00 00 00 00 00 00 00 00 00 00 00 00 00 00 00 00 00 00 00 00 00 00 00 00 00 10 00 00 00 00 00 00 00 00 00 00 00 00 00 00 00 00 00 00 00 00 00 00 00 00 00 00 01 00 00 00 00 00 00 00 00 00 00 00 00 00 00 00 00 00 00 00 00 00 00 00 00 00 00 00 00 00 00 00 00 00 00 00 00 00 00 00 00 00 00 00 00 00 00 00 00 00 00 00 00 00 00 00 00 00 00 00 00 00 00 00 00 00 00 00 00 00 00 00 00 00 00 00 00 00 00 00 00 00 00 00 00 00 00 00 00 00 00 00 00 00 00 00 00 00 00 00 00 00 00 00 00 00 00 00 00 00 00 00 00 00 00 00 00 00 00 00 00 00 00 00 00 00 00 00 00 00 00 00 00 00 00 00 00 00 00 00 00 00 00 00 00 00 00 00 00 00 00 00 00 00 00 00 00 00 00 00 00 00 00 00 00 00 00 b1 00 00 00 00 00 00 00 00 a0 a0 a0 11 00 00 00 00 23 f7 

[2021-12-29 10:48:19 星期三]
收到来自串口：COM2的报文：
01 01 00 00 07 d0 3f a6 

[2021-12-29 10:48:19 星期三]
请求报文解析成功！
已向主机发送响应报文：01 01 fa 0f 00 00 01 00 02 00 03 00 00 00 00 00 00 00 00 00 00 00 00 00 00 00 00 00 00 00 00 00 00 00 00 00 00 00 00 00 00 00 10 00 00 00 00 00 00 00 00 00 00 00 00 00 00 00 00 00 00 00 00 00 00 00 00 00 00 01 00 00 00 00 00 00 00 00 00 00 00 00 00 00 00 00 00 00 00 00 00 00 00 00 00 00 00 00 00 00 00 00 00 00 00 00 00 00 00 00 00 00 00 00 00 00 00 00 00 00 00 00 00 00 00 00 00 00 00 00 00 00 00 00 00 00 00 00 00 00 00 00 00 00 00 00 00 00 00 00 00 00 00 00 00 00 00 00 00 00 00 00 00 00 00 00 00 00 00 00 00 00 00 00 00 00 00 00 00 00 00 00 00 00 00 00 00 00 00 00 00 00 00 00 00 00 00 00 00 00 00 00 00 00 00 00 00 00 00 00 00 00 00 00 00 00 00 00 00 00 00 00 00 00 00 00 00 00 00 00 00 00 00 00 00 00 b1 00 00 00 00 00 00 00 00 a0 a0 a0 11 00 00 00 00 23 f7 

[2021-12-29 10:48:20 星期三]
收到来自串口：COM2的报文：
01 01 00 00 07 d0 3f a6 

[2021-12-29 10:48:20 星期三]
请求报文解析成功！
已向主机发送响应报文：01 01 fa 0f 00 00 01 00 02 00 03 00 00 00 00 00 00 00 00 00 00 00 00 00 00 00 00 00 00 00 00 00 00 00 00 00 00 00 00 00 00 00 10 00 00 00 00 00 00 00 00 00 00 00 00 00 00 00 00 00 00 00 00 00 00 00 00 00 00 01 00 00 00 00 00 00 00 00 00 00 00 00 00 00 00 00 00 00 00 00 00 00 00 00 00 00 00 00 00 00 00 00 00 00 00 00 00 00 00 00 00 00 00 00 00 00 00 00 00 00 00 00 00 00 00 00 00 00 00 00 00 00 00 00 00 00 00 00 00 00 00 00 00 00 00 00 00 00 00 00 00 00 00 00 00 00 00 00 00 00 00 00 00 00 00 00 00 00 00 00 00 00 00 00 00 00 00 00 00 00 00 00 00 00 00 00 00 00 00 00 00 00 00 00 00 00 00 00 00 00 00 00 00 00 00 00 00 00 00 00 00 00 00 00 00 00 00 00 00 00 00 00 00 00 00 00 00 00 00 00 00 00 00 00 00 00 b1 00 00 00 00 00 00 00 00 a0 a0 a0 11 00 00 00 00 23 f7 

[2021-12-29 10:48:20 星期三]
收到来自串口：COM2的报文：
01 01 00 00 07 d0 3f a6 01 01 00 00 07 d0 3f a6 
该报文CRC校验出错！

[2021-12-29 10:48:22 星期三]
收到来自串口：COM2的报文：
01 01 00 00 07 d0 3f a6 

[2021-12-29 10:48:22 星期三]
请求报文解析成功！
已向主机发送响应报文：01 01 fa 0f 00 00 01 00 02 00 03 00 00 00 00 00 00 00 00 00 00 00 00 00 00 00 00 00 00 00 00 00 00 00 00 00 00 00 00 00 00 00 10 00 00 00 00 00 00 00 00 00 00 00 00 00 00 00 00 00 00 00 00 00 00 00 00 00 00 01 00 00 00 00 00 00 00 00 00 00 00 00 00 00 00 00 00 00 00 00 00 00 00 00 00 00 00 00 00 00 00 00 00 00 00 00 00 00 00 00 00 00 00 00 00 00 00 00 00 00 00 00 00 00 00 00 00 00 00 00 00 00 00 00 00 00 00 00 00 00 00 00 00 00 00 00 00 00 00 00 00 00 00 00 00 00 00 00 00 00 00 00 00 00 00 00 00 00 00 00 00 00 00 00 00 00 00 00 00 00 00 00 00 00 00 00 00 00 00 00 00 00 00 00 00 00 00 00 00 00 00 00 00 00 00 00 00 00 00 00 00 00 00 00 00 00 00 00 00 00 00 00 00 00 00 00 00 00 00 00 00 00 00 00 00 00 b1 00 00 00 00 00 00 00 00 a0 a0 a0 11 00 00 00 00 23 f7 

[2021-12-29 10:48:22 星期三]
收到来自串口：COM2的报文：
01 01 00 00 07 d0 3f a6 

[2021-12-29 10:48:22 星期三]
请求报文解析成功！
已向主机发送响应报文：01 01 fa 0f 00 00 01 00 02 00 03 00 00 00 00 00 00 00 00 00 00 00 00 00 00 00 00 00 00 00 00 00 00 00 00 00 00 00 00 00 00 00 10 00 00 00 00 00 00 00 00 00 00 00 00 00 00 00 00 00 00 00 00 00 00 00 00 00 00 01 00 00 00 00 00 00 00 00 00 00 00 00 00 00 00 00 00 00 00 00 00 00 00 00 00 00 00 00 00 00 00 00 00 00 00 00 00 00 00 00 00 00 00 00 00 00 00 00 00 00 00 00 00 00 00 00 00 00 00 00 00 00 00 00 00 00 00 00 00 00 00 00 00 00 00 00 00 00 00 00 00 00 00 00 00 00 00 00 00 00 00 00 00 00 00 00 00 00 00 00 00 00 00 00 00 00 00 00 00 00 00 00 00 00 00 00 00 00 00 00 00 00 00 00 00 00 00 00 00 00 00 00 00 00 00 00 00 00 00 00 00 00 00 00 00 00 00 00 00 00 00 00 00 00 00 00 00 00 00 00 00 00 00 00 00 00 b1 00 00 00 00 00 00 00 00 a0 a0 a0 11 00 00 00 00 23 f7 

[2021-12-29 10:48:23 星期三]
收到来自串口：COM2的报文：
01 01 00 00 07 d0 3f a6 

[2021-12-29 10:48:23 星期三]
请求报文解析成功！
已向主机发送响应报文：01 01 fa 0f 00 00 01 00 02 00 03 00 00 00 00 00 00 00 00 00 00 00 00 00 00 00 00 00 00 00 00 00 00 00 00 00 00 00 00 00 00 00 10 00 00 00 00 00 00 00 00 00 00 00 00 00 00 00 00 00 00 00 00 00 00 00 00 00 00 01 00 00 00 00 00 00 00 00 00 00 00 00 00 00 00 00 00 00 00 00 00 00 00 00 00 00 00 00 00 00 00 00 00 00 00 00 00 00 00 00 00 00 00 00 00 00 00 00 00 00 00 00 00 00 00 00 00 00 00 00 00 00 00 00 00 00 00 00 00 00 00 00 00 00 00 00 00 00 00 00 00 00 00 00 00 00 00 00 00 00 00 00 00 00 00 00 00 00 00 00 00 00 00 00 00 00 00 00 00 00 00 00 00 00 00 00 00 00 00 00 00 00 00 00 00 00 00 00 00 00 00 00 00 00 00 00 00 00 00 00 00 00 00 00 00 00 00 00 00 00 00 00 00 00 00 00 00 00 00 00 00 00 00 00 00 00 b1 00 00 00 00 00 00 00 00 a0 a0 a0 11 00 00 00 00 23 f7 

[2021-12-29 10:48:29 星期三]
收到来自串口：COM2的报文：
01 01 00 00 07 d0 3f a6 

[2021-12-29 10:48:29 星期三]
请求报文解析成功！
已向主机发送响应报文：01 01 fa 0f 00 00 01 00 02 00 03 00 00 00 00 00 00 00 00 00 00 00 00 00 00 00 00 00 00 00 00 00 00 00 00 00 00 00 00 00 00 00 10 00 00 00 00 00 00 00 00 00 00 00 00 00 00 00 00 00 00 00 00 00 00 00 00 00 00 01 00 00 00 00 00 00 00 00 00 00 00 00 00 00 00 00 00 00 00 00 00 00 00 00 00 00 00 00 00 00 00 00 00 00 00 00 00 00 00 00 00 00 00 00 00 00 00 00 00 00 00 00 00 00 00 00 00 00 00 00 00 00 00 00 00 00 00 00 00 00 00 00 00 00 00 00 00 00 00 00 00 00 00 00 00 00 00 00 00 00 00 00 00 00 00 00 00 00 00 00 00 00 00 00 00 00 00 00 00 00 00 00 00 00 00 00 00 00 00 00 00 00 00 00 00 00 00 00 00 00 00 00 00 00 00 00 00 00 00 00 00 00 00 00 00 00 00 00 00 00 00 00 00 00 00 00 00 00 00 00 00 00 00 00 00 00 b1 00 00 00 00 00 00 00 00 a0 a0 a0 11 00 00 00 00 23 f7 

[2021-12-29 10:48:29 星期三]
收到来自串口：COM2的报文：
01 01 00 00 07 d0 3f a6 

[2021-12-29 10:48:29 星期三]
请求报文解析成功！
已向主机发送响应报文：01 01 fa 0f 00 00 01 00 02 00 03 00 00 00 00 00 00 00 00 00 00 00 00 00 00 00 00 00 00 00 00 00 00 00 00 00 00 00 00 00 00 00 10 00 00 00 00 00 00 00 00 00 00 00 00 00 00 00 00 00 00 00 00 00 00 00 00 00 00 01 00 00 00 00 00 00 00 00 00 00 00 00 00 00 00 00 00 00 00 00 00 00 00 00 00 00 00 00 00 00 00 00 00 00 00 00 00 00 00 00 00 00 00 00 00 00 00 00 00 00 00 00 00 00 00 00 00 00 00 00 00 00 00 00 00 00 00 00 00 00 00 00 00 00 00 00 00 00 00 00 00 00 00 00 00 00 00 00 00 00 00 00 00 00 00 00 00 00 00 00 00 00 00 00 00 00 00 00 00 00 00 00 00 00 00 00 00 00 00 00 00 00 00 00 00 00 00 00 00 00 00 00 00 00 00 00 00 00 00 00 00 00 00 00 00 00 00 00 00 00 00 00 00 00 00 00 00 00 00 00 00 00 00 00 00 00 b1 00 00 00 00 00 00 00 00 a0 a0 a0 11 00 00 00 00 23 f7 

[2021-12-29 10:48:32 星期三]
收到来自串口：COM2的报文：
01 01 00 00 07 d0 3f a6 

[2021-12-29 10:48:32 星期三]
请求报文解析成功！
已向主机发送响应报文：01 01 fa 0f 00 00 01 00 02 00 03 00 00 00 00 00 00 00 00 00 00 00 00 00 00 00 00 00 00 00 00 00 00 00 00 00 00 00 00 00 00 00 10 00 00 00 00 00 00 00 00 00 00 00 00 00 00 00 00 00 00 00 00 00 00 00 00 00 00 01 00 00 00 00 00 00 00 00 00 00 00 00 00 00 00 00 00 00 00 00 00 00 00 00 00 00 00 00 00 00 00 00 00 00 00 00 00 00 00 00 00 00 00 00 00 00 00 00 00 00 00 00 00 00 00 00 00 00 00 00 00 00 00 00 00 00 00 00 00 00 00 00 00 00 00 00 00 00 00 00 00 00 00 00 00 00 00 00 00 00 00 00 00 00 00 00 00 00 00 00 00 00 00 00 00 00 00 00 00 00 00 00 00 00 00 00 00 00 00 00 00 00 00 00 00 00 00 00 00 00 00 00 00 00 00 00 00 00 00 00 00 00 00 00 00 00 00 00 00 00 00 00 00 00 00 00 00 00 00 00 00 00 00 00 00 00 b1 00 00 00 00 00 00 00 00 a0 a0 a0 11 00 00 00 00 23 f7 

[2021-12-29 10:48:36 星期三]
收到来自串口：COM2的报文：
01 01 00 00 07 d0 3f a6 01 01 00 00 07 d0 3f a6 
该报文CRC校验出错！

[2021-12-29 10:48:46 星期三]
收到来自串口：COM2的报文：
01 01 00 00 07 d0 3f a6 

[2021-12-29 10:48:46 星期三]
请求报文解析成功！
已向主机发送响应报文：01 01 fa 0f 00 00 01 00 02 00 03 00 00 00 00 00 00 00 00 00 00 00 00 00 00 00 00 00 00 00 00 00 00 00 00 00 00 00 00 00 00 00 10 00 00 00 00 00 00 00 00 00 00 00 00 00 00 00 00 00 00 00 00 00 00 00 00 00 00 01 00 00 00 00 00 00 00 00 00 00 00 00 00 00 00 00 00 00 00 00 00 00 00 00 00 00 00 00 00 00 00 00 00 00 00 00 00 00 00 00 00 00 00 00 00 00 00 00 00 00 00 00 00 00 00 00 00 00 00 00 00 00 00 00 00 00 00 00 00 00 00 00 00 00 00 00 00 00 00 00 00 00 00 00 00 00 00 00 00 00 00 00 00 00 00 00 00 00 00 00 00 00 00 00 00 00 00 00 00 00 00 00 00 00 00 00 00 00 00 00 00 00 00 00 00 00 00 00 00 00 00 00 00 00 00 00 00 00 00 00 00 00 00 00 00 00 00 00 00 00 00 00 00 00 00 00 00 00 00 00 00 00 00 00 00 00 b1 00 00 00 00 00 00 00 00 a0 a0 a0 11 00 00 00 00 23 f7 

[2021-12-29 10:48:54 星期三]
收到来自串口：COM2的报文：
01 01 00 00 07 d0 3f a6 01 01 00 00 07 d0 3f a6 
该报文CRC校验出错！

[2021-12-29 10:48:55 星期三]
收到来自串口：COM2的报文：
01 01 00 00 07 d0 3f a6 01 01 00 00 07 d0 3f a6 01 01 00 00 07 d0 3f a6 01 01 00 00 07 d0 3f a6 01 01 00 00 07 d0 3f a6 01 01 00 00 07 d0 3f a6 01 01 00 00 07 d0 3f a6 01 01 00 00 07 d0 3f a6 
该报文CRC校验出错！

[2021-12-29 10:48:57 星期三]
收到来自串口：COM2的报文：
01 01 00 00 07 d0 3f a6 01 01 00 00 07 d0 3f a6 01 01 00 00 07 d0 3f a6 01 01 00 00 07 d0 3f a6 01 01 00 00 07 d0 3f a6 01 01 00 00 07 d0 3f a6 
该报文CRC校验出错！

[2021-12-29 10:48:57 星期三]
收到来自串口：COM2的报文：
01 01 00 00 07 d0 3f a6 

[2021-12-29 10:48:57 星期三]
请求报文解析成功！
已向主机发送响应报文：01 01 fa 0f 00 00 01 00 02 00 03 00 00 00 00 00 00 00 00 00 00 00 00 00 00 00 00 00 00 00 00 00 00 00 00 00 00 00 00 00 00 00 10 00 00 00 00 00 00 00 00 00 00 00 00 00 00 00 00 00 00 00 00 00 00 00 00 00 00 01 00 00 00 00 00 00 00 00 00 00 00 00 00 00 00 00 00 00 00 00 00 00 00 00 00 00 00 00 00 00 00 00 00 00 00 00 00 00 00 00 00 00 00 00 00 00 00 00 00 00 00 00 00 00 00 00 00 00 00 00 00 00 00 00 00 00 00 00 00 00 00 00 00 00 00 00 00 00 00 00 00 00 00 00 00 00 00 00 00 00 00 00 00 00 00 00 00 00 00 00 00 00 00 00 00 00 00 00 00 00 00 00 00 00 00 00 00 00 00 00 00 00 00 00 00 00 00 00 00 00 00 00 00 00 00 00 00 00 00 00 00 00 00 00 00 00 00 00 00 00 00 00 00 00 00 00 00 00 00 00 00 00 00 00 00 00 b1 00 00 00 00 00 00 00 00 a0 a0 a0 11 00 00 00 00 23 f7 

[2021-12-29 10:49:17 星期三]
关闭应用程序！

[2021-12-29 10:49:19 星期三]
文件路径设置成功!

[2021-12-29 11:02:46 星期三]
关闭应用程序！

[2021-12-29 11:02:49 星期三]
文件路径设置成功!

[2021-12-29 11:03:57 星期三]
关闭应用程序！

[2021-12-29 11:04:00 星期三]
文件路径设置成功!

[2021-12-29 11:05:05 星期三]
关闭应用程序！

[2021-12-29 11:05:08 星期三]
文件路径设置成功!

[2021-12-29 11:05:39 星期三]
关闭应用程序！

[2021-12-29 11:05:41 星期三]
文件路径设置成功!

[2021-12-29 11:06:16 星期三]
关闭应用程序！

[2021-12-29 11:06:18 星期三]
文件路径设置成功!

[2021-12-29 11:08:45 星期三]
关闭应用程序！

[2021-12-29 11:08:48 星期三]
文件路径设置成功!

[2021-12-29 11:10:39 星期三]
关闭应用程序！

[2021-12-29 11:10:42 星期三]
文件路径设置成功!

[2021-12-29 11:12:04 星期三]
关闭应用程序！

[2021-12-29 11:12:07 星期三]
文件路径设置成功!

[2021-12-29 11:12:57 星期三]
关闭应用程序！

[2021-12-29 11:13:00 星期三]
文件路径设置成功!

[2021-12-29 11:13:47 星期三]
关闭应用程序！

[2021-12-29 11:13:49 星期三]
文件路径设置成功!

[2021-12-29 11:15:03 星期三]
关闭应用程序！

[2021-12-29 11:15:06 星期三]
文件路径设置成功!

[2021-12-29 11:15:34 星期三]
关闭应用程序！

[2021-12-29 11:15:36 星期三]
文件路径设置成功!

[2021-12-29 11:16:55 星期三]
关闭应用程序！

[2021-12-29 11:16:57 星期三]
文件路径设置成功!

[2021-12-29 11:17:46 星期三]
关闭应用程序！

[2021-12-29 11:17:49 星期三]
文件路径设置成功!

[2021-12-29 11:18:47 星期三]
关闭应用程序！

[2021-12-29 11:18:50 星期三]
文件路径设置成功!

[2021-12-29 11:19:36 星期三]
关闭应用程序！

[2021-12-29 11:19:38 星期三]
文件路径设置成功!

[2021-12-29 11:20:07 星期三]
关闭应用程序！

[2021-12-29 11:20:10 星期三]
文件路径设置成功!

[2021-12-29 11:20:42 星期三]
关闭应用程序！

[2021-12-29 11:20:51 星期三]
文件路径设置成功!

[2021-12-29 11:23:33 星期三]
成功打开串口! 串口号：COM1

[2021-12-29 11:23:35 星期三]
已关闭串口：COM1

[2021-12-29 11:23:45 星期三]
关闭应用程序！

[2021-12-29 11:23:47 星期三]
文件路径设置成功!

[2021-12-29 11:24:42 星期三]
关闭应用程序！

[2021-12-29 11:24:49 星期三]
文件路径设置成功!

[2021-12-29 11:26:10 星期三]
关闭应用程序！

[2021-12-29 11:26:21 星期三]
文件路径设置成功!

[2021-12-29 11:28:38 星期三]
成功打开串口! 串口号：COM1

[2021-12-29 11:28:40 星期三]
已关闭串口：COM1

[2021-12-29 11:28:45 星期三]
关闭应用程序！

[2021-12-29 11:28:48 星期三]
文件路径设置成功!

[2021-12-29 11:29:36 星期三]
关闭应用程序！

[2021-12-29 11:29:38 星期三]
文件路径设置成功!

[2021-12-29 11:30:37 星期三]
关闭应用程序！

[2021-12-29 11:30:40 星期三]
文件路径设置成功!

[2021-12-29 11:31:15 星期三]
关闭应用程序！

[2021-12-29 11:31:18 星期三]
文件路径设置成功!

[2021-12-29 11:32:34 星期三]
关闭应用程序！

[2021-12-29 11:32:37 星期三]
文件路径设置成功!

[2021-12-29 11:39:32 星期三]
关闭应用程序！

[2021-12-29 11:39:34 星期三]
文件路径设置成功!

[2021-12-30 08:19:14 星期四]
关闭应用程序！

[2021-12-30 08:19:17 星期四]
文件路径设置成功!

